image_width: 639
image_height: 480
camera_name: narrow_stereo
camera_matrix:
  rows: 3
  cols: 3
  data: [511.32892,   0.     , 322.63622,
           0.     , 513.38206, 244.81629,
           0.     ,   0.     ,   1.     ]
distortion_model: plumb_bob
distortion_coefficients:
  rows: 1
  cols: 5
  data: [0.158118, -0.276555, 0.000135, -0.000073, 0.000000]
rectification_matrix:
  rows: 3
  cols: 3
  data: [1., 0., 0.,
         0., 1., 0.,
         0., 0., 1.]
projection_matrix:
  rows: 3
  cols: 4
  data: [521.74867,   0.     , 322.71079,   0.     ,
           0.     , 524.94044, 244.88807,   0.     ,
           0.     ,   0.     ,   1.     ,   0.     ]
